
scale=10; 1.0/10
100
Value: 3.141599
scale=10; .1000000000/10
100
Value: 3.141601
scale=10; .0100000000/10
100
Value: 3.141619
